9 30
4 3 2 2 1 2 2
0 6 1 3 7
0 1 1 5 1
0 3 1 6 8
0 4 1 8 3
0 8 1 9 6
2 5 2 1 1 1 2
2 3 2 1 3 2 3
6 1024 2 1 6 1 7
5 1 2 1 8 1 9
2 1 2 2 7 2 8
5 0 2 3 1 4 1
5 0 2 3 2 3 3
6 49 2 3 8 4 8
2 1 2 5 3 6 3
5 1 2 7 7 7 8
5 2 2 8 1 9 1
1 17 4 1 4 1 5 2 4 2 5
3 315 4 2 6 3 6 4 6 4 7
3 24 3 2 9 3 9 4 9
1 14 4 3 4 3 5 4 4 4 5
3 168 3 4 2 4 3 5 2
3 21168 5 5 4 5 5 6 4 6 5 7 5
3 12 4 5 6 6 6 6 7 7 6
1 12 3 5 7 5 8 5 9
3 630 5 6 1 6 2 7 1 7 2 8 2
1 29 5 6 9 7 9 8 8 8 9 9 9
1 11 3 7 3 7 4 8 4
3 5670 6 8 5 8 6 8 7 9 5 9 7 9 8
3 72 3 9 2 9 3 9 4
