9 33
4 4 2 1 1 2 1
0 8 1 1 5
0 9 1 1 9
0 1 1 2 2
0 4 1 3 3
0 1 1 4 5
0 8 1 7 2
0 3 1 8 3
0 5 1 8 5
0 9 1 9 1
0 8 1 9 9
5 0 2 3 7 4 7
6 6561 2 3 8 4 8
5 1 2 5 2 6 2
5 0 2 6 1 7 1
5 1 2 6 5 7 5
5 3 2 8 1 8 2
5 1 2 8 6 8 7
5 1 2 9 2 9 3
5 1 2 9 4 9 5
5 0 2 9 6 9 7
3 168 3 1 2 1 3 1 4
1 15 3 1 6 2 5 2 6
1 16 4 1 7 1 8 2 7 2 8
1 27 5 2 3 2 4 3 4 3 5 3 6
3 840 5 2 9 3 9 4 9 5 9 6 9
3 120 3 3 1 4 1 5 1
3 17280 6 3 2 4 2 4 3 4 4 5 3 5 4
3 1323 4 4 6 5 5 5 6 5 7
3 126 3 5 8 6 8 7 8
3 630 5 6 3 6 4 7 3 7 4 8 4
1 19 4 6 6 6 7 7 6 7 7
1 16 4 7 9 8 8 8 9 9 8
