nil:2024-06-02T17:35:16.6564544
106-9
3.6748185
9
0 0 0 0 0 0 0 0 0
0 0 0 0 0 0 0 0 0
0 0 0 0 0 0 0 0 0
0 0 0 0 0 0 0 0 0
0 0 0 0 0 0 0 0 0
0 0 0 0 0 0 0 0 0
0 0 0 0 0 0 0 0 0
0 0 0 0 0 0 0 0 0
0 0 0 0 0 0 0 0 0
nil:2024-06-02T17:33:45.7729891
105-3
4.2319083
3
0 0 0
0 0 0
0 0 0
nil:2024-06-02T17:26:49.8629064
103-3
63.077858
3
0 0 0
0 0 0
0 0 0
nil:2024-06-02T17:26:49.8629064
103-3
60.550056
3
0 0 0
0 0 0
0 0 0
nil:2024-06-02T17:26:49.8629064
103-3
58.63159
3
0 0 0
0 0 0
0 0 0
nil:2024-06-02T17:26:49.8629064
103-3
56.70352
3
0 0 0
0 0 0
0 0 0
nil:2024-06-02T17:26:49.8629064
103-3
54.490845
3
0 0 0
0 0 0
0 0 0
nil:2024-06-02T17:26:49.8629064
103-3
37.563885
3
0 0 0
0 0 0
0 0 0
nil:2024-06-02T17:26:49.8629064
103-3
30.083185
3
0 0 0
0 0 0
0 0 0
nil:2024-06-02T17:26:49.8629064
103-3
23.796194
3
0 0 0
0 0 0
0 0 0
nil:2024-06-02T17:26:49.8629064
103-3
19.572954
3
0 0 0
0 0 0
0 0 0
nil:2024-06-02T17:26:49.8629064
103-3
16.734127
3
0 0 0
0 0 0
0 0 0
nil:2024-06-02T17:26:49.8629064
103-3
11.016338
3
0 0 0
0 0 0
0 0 0
85-3
8.458261
3
0 0 0
0 0 0
0 0 0
usuari:2024-06-01T18:24:52.4182172
82-4
2.9759994
4
0 0 0 0
0 0 2 1
0 0 0 0
0 0 0 0
usuari:2024-06-01T18:24:37.0019141
81-3
5.5785236
3
0 2 0
0 0 3
0 0 0
82-4
2.9759994
4
0 0 0 0
0 0 2 1
0 0 0 0
0 0 0 0
usuari:2024-06-01T18:24:37.0019141
81-3
5.5785236
3
0 2 0
0 0 3
0 0 0
