nil:2024-06-01T19:22:21.5927933
85-3
11.79702
3
0 0 0
0 0 0
0 0 0
nil:2024-06-01T19:22:21.5927933
85-3
8.458261
3
0 0 0
0 0 0
0 0 0
usuari:2024-06-01T18:24:52.4182172
82-4
2.9759994
4
0 0 0 0
0 0 2 1
0 0 0 0
0 0 0 0
usuari:2024-06-01T18:24:37.0019141
81-3
5.5785236
3
0 2 0
0 0 3
0 0 0
nil:2024-06-01T19:22:21.5927933
85-3
3.63374
3
0 0 0
0 0 0
0 0 0
usuari:2024-06-01T18:24:52.4182172
82-4
2.9759994
4
0 0 0 0
0 0 2 1
0 0 0 0
0 0 0 0
usuari:2024-06-01T18:24:37.0019141
81-3
5.5785236
3
0 2 0
0 0 3
0 0 0
