9 38
2 2 2 1 1 1 2
3 48 2 2 1 3 1
1 11 2 2 2 3 2
2 1 2 1 3 2 3
2 3 2 1 4 2 4
1 10 2 1 5 2 5
1 17 2 1 6 1 7
2 1 2 1 8 1 9
1 6 3 2 6 2 7 2 8
4 2 2 2 9 3 9
4 4 2 3 3 3 4
0 6 1 3 5
3 35 2 3 6 4 6
4 3 2 3 7 4 7
2 1 2 3 8 4 8
1 16 3 4 1 4 2 4 3
2 4 2 4 4 4 5
1 10 2 4 9 5 9
2 5 2 5 1 5 2
1 19 3 5 3 6 2 6 3
3 75 3 5 4 6 4 6 5
2 2 2 5 5 5 6
2 2 2 5 7 5 8
0 9 1 6 1
1 3 2 6 6 6 7
2 2 2 6 8 6 9
3 12 2 7 1 8 1
4 2 2 7 2 8 2
2 8 2 7 3 8 3
2 3 2 7 4 8 4
3 672 4 7 5 8 5 7 6 8 6
1 16 3 7 7 8 7 9 7
2 5 2 7 8 7 9
2 2 2 8 8 8 9
2 4 2 9 8 9 9
1 10 3 9 1 9 2 9 3
4 4 2 9 4 9 5
0 4 1 9 6
