9 30
0 1 1 4 1
0 3 1 5 6
1 22 3 1 1 2 1 3 1
1 14 3 1 2 1 3 2 3
3 20 2 1 4 2 4
1 21 4 1 5 1 6 2 5 3 5
3 9 2 1 7 2 7
3 60 4 1 8 1 9 2 8 2 9
1 10 2 2 2 3 2
3 280 5 2 6 3 6 4 6 4 7 5 7
3 720 5 3 3 4 2 4 3 5 1 5 2
3 56 2 3 4 4 4
1 11 2 3 7 3 8
1 9 2 3 9 4 9
1 15 2 4 5 5 5
1 10 2 4 8 5 8
3 1134 4 5 3 5 4 6 3 6 4
3 48 2 5 9 6 9
1 10 2 6 1 6 2
1 10 2 6 5 7 5
3 20 2 6 6 7 6
3 126 3 6 7 6 8 7 7
3 120 3 7 1 7 2 8 1
1 13 3 7 3 8 3 9 3
3 180 5 7 4 8 4 8 5 9 4 9 5
1 9 2 7 8 8 8
3 21 2 7 9 8 9
3 35 3 8 2 9 1 9 2
3 864 4 8 6 8 7 9 6 9 7
3 36 2 9 8 9 9
