9 32
4 2 2 1 9 2 9
4 2 2 7 4 7 5
4 2 2 8 9 9 9
0 5 1 3 5
0 1 1 5 9
0 7 1 7 3
0 9 1 8 7
6 32768 2 1 1 1 2
5 1 2 1 3 1 4
6 49 2 1 7 1 8
5 1 2 2 1 2 2
2 4 2 3 4 4 4
2 5 2 3 9 4 9
2 1 2 4 2 4 3
6 512 2 4 7 4 8
5 4 2 5 6 6 6
6 1953125 2 6 9 7 9
6 4 2 7 6 7 7
2 1 2 8 3 8 4
2 1 2 9 3 9 4
3 486 3 1 5 2 4 2 5
1 16 4 1 6 2 6 3 6 4 6
3 9 3 2 3 3 2 3 3
1 22 4 2 7 2 8 3 7 3 8
3 108 3 3 1 4 1 5 1
1 13 3 4 5 5 5 6 5
3 3024 5 5 2 5 3 5 4 6 3 6 4
3 72 3 5 7 5 8 6 7
3 448 4 6 1 6 2 7 1 7 2
3 900 5 6 8 7 8 8 8 9 7 9 8
3 126 4 8 1 8 2 9 1 9 2
3 336 4 8 5 8 6 9 5 9 6
