9 28
4 2 2 3 5 4 5
0 1 1 1 1
0 6 1 1 9
0 1 1 3 4
0 5 1 6 6
0 2 1 8 1
0 4 1 9 7
6 15625 2 2 8 3 8
5 0 2 3 6 3 7
5 3 2 4 6 4 7
2 4 2 5 2 5 3
6 2187 2 7 7 7 8
5 0 2 9 5 9 6
3 34560 6 1 2 1 3 2 2 2 3 3 2 3 3
1 20 3 1 4 1 5 2 4
3 90 3 1 6 1 7 1 8
1 21 4 2 1 3 1 4 1 5 1
3 21 3 2 5 2 6 2 7
3 6 3 2 9 3 9 4 9
1 33 5 4 2 4 3 4 4 5 4 5 5
3 64 3 4 8 5 8 5 9
3 6048 5 5 6 5 7 6 7 6 8 6 9
3 192 4 6 1 6 2 7 1 7 2
3 108 3 6 3 7 3 8 3
3 2800 6 6 4 6 5 7 4 7 5 8 4 8 5
1 18 3 7 6 8 6 8 7
1 25 5 7 9 8 8 8 9 9 8 9 9
3 1512 5 8 2 9 1 9 2 9 3 9 4
