9 30
4 4 2 6 6 6 7
0 2 1 2 4
0 8 1 7 4
0 9 1 8 3
0 2 1 8 7
0 2 1 9 9
6 40353607 2 1 4 1 5
2 4 2 1 6 2 6
6 512 2 1 7 2 7
2 2 2 2 5 3 5
5 4 2 3 9 4 9
6 6561 2 5 2 5 3
2 2 2 5 4 6 4
2 2 2 7 1 8 1
6 59049 2 7 7 7 8
5 0 2 8 6 9 6
2 2 2 9 4 9 5
1 13 3 1 1 2 1 3 1
3 9216 6 1 2 2 2 3 2 4 1 4 2 5 1
1 14 4 1 3 2 3 3 3 3 4
3 672 4 1 8 1 9 2 8 2 9
1 18 5 3 6 3 7 3 8 4 6 5 6
1 26 4 4 3 4 4 4 5 5 5
3 36 3 4 7 4 8 5 7
1 24 5 5 8 5 9 6 8 6 9 7 9
3 84 3 6 1 6 2 6 3
1 16 5 6 5 7 5 7 6 8 4 8 5
3 105 3 7 2 7 3 8 2
3 882 4 8 8 8 9 9 7 9 8
3 45 3 9 1 9 2 9 3
