9 35
4 4 2 1 7 1 8
0 6 1 1 1
0 3 1 2 7
0 8 1 4 7
0 8 1 5 2
0 3 1 6 3
0 9 1 7 1
0 4 1 7 7
0 1 1 9 6
5 1 2 1 2 1 3
5 2 2 2 1 3 1
6 1953125 2 2 4 3 4
5 2 2 2 5 2 6
5 0 2 2 8 3 8
6 16384 2 4 1 4 2
2 1 2 4 3 5 3
6 8 2 4 8 5 8
6 5 2 5 1 6 1
5 0 2 5 9 6 9
5 1 2 6 4 6 5
2 3 2 6 7 6 8
5 2 2 7 8 7 9
6 49 2 8 1 9 1
6 125 2 8 8 8 9
2 1 2 9 2 9 3
5 2 2 9 8 9 9
3 105 3 1 4 1 5 1 6
1 23 4 1 9 2 9 3 9 4 9
1 14 4 2 2 2 3 3 2 3 3
1 16 4 3 5 3 6 3 7 4 6
3 60 4 4 4 4 5 5 4 5 5
1 22 3 5 6 5 7 6 6
3 216 5 6 2 7 2 7 3 8 2 8 3
1 29 6 7 4 7 5 7 6 8 6 8 7 9 7
3 768 4 8 4 8 5 9 4 9 5
