9 30
4 8 2 1 1 2 1
0 4 1 1 2
0 5 1 5 5
0 2 1 5 9
0 8 1 7 5
0 6 1 8 7
6 19683 2 1 3 1 4
2 5 2 1 5 1 6
5 2 2 1 9 2 9
5 0 2 2 2 2 3
6 10077696 2 3 1 4 1
6 1 2 3 7 4 7
5 1 2 5 1 6 1
6 134217728 2 5 7 5 8
2 4 2 6 3 7 3
6 1 2 6 9 7 9
5 0 2 7 1 7 2
5 0 2 7 4 8 4
2 3 2 8 1 9 1
5 2 2 8 8 8 9
3 450 4 1 7 1 8 2 6 2 7
3 45360 6 2 4 2 5 3 4 4 4 5 3 5 4
3 1120 5 2 8 3 8 3 9 4 8 4 9
3 18144 6 3 2 3 3 4 2 4 3 5 2 6 2
3 126 4 3 5 3 6 4 5 4 6
1 16 4 5 6 6 4 6 5 6 6
1 20 4 6 7 6 8 7 7 7 8
1 27 6 7 6 8 5 8 6 9 4 9 5 9 6
3 1120 4 8 2 8 3 9 2 9 3
1 13 3 9 7 9 8 9 9
