9 31
4 9 2 1 2 1 3
0 7 1 1 1
0 4 1 4 7
0 1 1 5 1
0 2 1 5 9
0 5 1 8 1
0 5 1 9 3
6 7776 2 1 4 1 5
5 0 2 1 7 1 8
5 3 2 1 9 2 9
5 0 2 2 8 3 8
6 134217728 2 3 1 4 1
2 1 2 3 6 3 7
6 59049 2 5 4 6 4
6 16 2 6 5 6 6
5 1 2 6 8 6 9
2 2 2 7 1 7 2
5 0 2 7 4 8 4
5 2 2 7 9 8 9
5 1 2 9 6 9 7
2 5 2 9 8 9 9
3 7776 6 1 6 2 4 2 5 2 6 2 7 3 5
3 1152 6 2 1 2 2 3 2 4 2 4 3 4 4
3 98 3 2 3 3 3 3 4
3 378 4 3 9 4 8 4 9 5 8
3 280 3 4 5 4 6 5 5
1 36 6 5 2 5 3 6 1 6 2 6 3 7 3
1 12 3 5 6 5 7 6 7
1 23 6 7 5 7 6 8 5 8 6 9 4 9 5
1 27 4 7 7 7 8 8 7 8 8
3 448 4 8 2 8 3 9 1 9 2
