9 26
0 4 1 6 9
1 30 5 1 1 1 2 2 1 2 2 2 3
1 11 2 1 3 1 4
1 22 4 1 5 1 6 1 7 2 6
1 19 4 1 8 1 9 2 8 3 8
1 26 6 2 4 3 4 4 4 5 3 5 4 6 3
1 15 3 2 5 3 5 3 6
1 8 2 2 7 3 7
1 23 5 2 9 3 9 4 9 5 8 5 9
1 9 2 3 1 4 1
1 29 6 3 2 3 3 4 2 4 3 5 1 5 2
1 27 4 4 5 4 6 5 5 5 6
1 12 2 4 7 4 8
1 11 2 5 7 6 7
1 9 2 6 1 6 2
1 10 3 6 4 6 5 6 6
1 33 6 6 8 7 5 7 6 7 7 7 8 7 9
1 4 2 7 1 8 1
1 16 2 7 2 8 2
1 9 2 7 3 7 4
1 16 4 8 3 9 3 9 4 9 5
1 15 2 8 4 8 5
1 14 4 8 6 8 7 9 6 9 7
1 3 2 8 8 8 9
1 15 2 9 1 9 2
1 15 2 9 8 9 9
