9 32
4 2 2 1 1 2 1
0 7 1 4 2
0 4 1 4 6
0 4 1 6 4
0 3 1 7 3
0 9 1 7 9
0 3 1 9 9
3 6 2 1 2 2 2
3 5 2 1 3 2 3
3 10 2 1 4 1 5
3 24 2 1 6 1 7
3 63 2 1 8 1 9
3 54 2 2 4 2 5
3 84 4 2 6 2 7 2 8 3 6
3 420 4 2 9 3 7 3 8 3 9
3 8 2 3 1 3 2
3 24 2 3 3 3 4
3 27 2 3 5 4 5
3 5 2 4 1 5 1
3 12 2 4 3 4 4
3 2430 5 4 7 4 8 5 6 5 7 5 8
3 32 2 4 9 5 9
3 2835 5 5 2 5 3 6 1 6 2 6 3
3 1120 6 5 4 5 5 6 5 6 6 6 7 7 6
3 48 2 6 8 6 9
3 48 2 7 1 7 2
3 28 2 7 4 7 5
3 60 6 7 7 7 8 8 7 8 8 8 9 9 8
3 6804 5 8 1 8 2 9 1 9 2 9 3
3 32 2 8 3 8 4
3 30 2 8 5 8 6
3 224 4 9 4 9 5 9 6 9 7
