9 30
4 8 2 1 1 1 2
0 6 1 3 3
0 9 1 5 4
0 8 1 5 9
0 4 1 6 1
0 5 1 9 1
3 35 2 1 3 2 3
3 27 2 1 4 1 5
3 168 3 1 6 2 5 2 6
3 2160 6 1 7 1 8 1 9 2 7 2 8 2 9
3 48 2 2 1 2 2
3 2 2 2 4 3 4
3 54 2 3 1 4 1
3 672 6 3 2 4 2 4 3 5 3 6 2 6 3
3 160 3 3 5 3 6 3 7
3 27 3 3 8 4 7 4 8
3 7 2 3 9 4 9
3 1440 5 4 4 4 5 4 6 5 5 5 6
3 35 2 5 1 5 2
3 96 3 5 7 6 7 7 7
3 175 4 5 8 6 8 6 9 7 8
3 24 2 6 4 7 4
3 189 4 6 5 6 6 7 5 7 6
3 144 3 7 1 7 2 7 3
3 3456 5 7 9 8 8 8 9 9 8 9 9
3 3 2 8 1 8 2
3 720 5 8 3 8 4 8 5 8 6 9 6
3 63 2 8 7 9 7
3 6 2 9 2 9 3
3 28 2 9 4 9 5
