9 34
0 2 1 1 1
0 1 1 1 5
0 3 1 2 4
0 1 1 3 3
0 2 1 5 8
0 5 1 6 2
0 2 1 6 4
0 9 1 8 2
0 5 1 8 7
1 23 3 1 2 2 1 2 2
1 17 3 1 3 1 4 2 3
1 16 2 1 6 2 6
1 13 3 1 7 1 8 1 9
1 35 6 2 5 3 4 3 5 3 6 4 4 4 6
1 9 2 2 7 3 7
1 5 2 2 8 2 9
1 6 2 3 1 4 1
1 34 6 3 2 4 2 4 3 5 1 5 2 6 1
1 15 2 3 8 3 9
1 16 3 4 5 5 4 5 5
1 12 2 4 7 5 7
1 15 3 4 8 4 9 5 9
1 23 4 5 3 6 3 7 3 7 4
1 11 2 5 6 6 6
1 13 4 6 5 7 5 8 5 8 6
1 4 2 6 7 6 8
1 30 5 6 9 7 6 7 7 7 8 7 9
1 5 2 7 1 7 2
1 9 2 8 1 9 1
1 19 4 8 3 8 4 9 2 9 3
1 8 2 8 8 9 8
1 11 2 8 9 9 9
1 14 2 9 4 9 5
1 12 2 9 6 9 7
