9 30
4 9 2 1 1 2 1
0 4 1 5 2
0 7 1 6 7
0 5 1 9 1
2 1 2 1 8 1 9
2 6 2 2 6 3 6
5 3 2 2 9 3 9
5 0 2 3 7 4 7
6 1953125 2 4 6 5 6
2 4 2 4 9 5 9
5 0 2 5 7 5 8
6 1 2 6 2 6 3
5 0 2 6 5 6 6
6 64 2 6 8 6 9
6 243 2 7 7 8 7
6 43046721 2 7 8 7 9
2 2 2 8 4 8 5
6 1 2 8 9 9 9
3 3240 6 1 2 2 2 3 1 3 2 3 3 3 4
1 20 5 1 3 1 4 1 5 2 3 2 4
1 41 6 1 6 1 7 2 7 2 8 3 8 4 8
3 144 4 2 5 3 5 4 4 4 5
1 26 4 4 1 4 2 5 1 6 1
1 20 4 4 3 5 3 5 4 5 5
1 21 3 6 4 7 4 7 5
3 144 3 7 1 7 2 8 1
1 12 3 7 3 8 2 8 3
1 9 3 7 6 8 6 9 6
1 7 3 8 8 9 7 9 8
1 23 4 9 2 9 3 9 4 9 5
