9 30
4 3 2 1 7 1 8
4 4 2 5 9 6 9
4 3 2 9 4 9 5
0 2 1 1 4
0 8 1 1 9
0 8 1 2 2
0 7 1 4 9
0 9 1 6 3
0 9 1 7 7
5 1 2 1 5 1 6
6 2401 2 2 7 2 8
5 0 2 4 1 4 2
6 25 2 4 6 5 6
6 32768 2 4 8 5 8
5 3 2 5 1 5 2
2 5 2 8 6 9 6
5 0 2 8 9 9 9
2 3 2 9 2 9 3
3 336 5 1 1 1 2 1 3 2 3 2 4
1 26 5 2 1 3 1 3 2 3 3 4 3
3 162 3 2 5 3 4 3 5
3 56 4 2 6 3 6 3 7 4 7
1 13 3 2 9 3 8 3 9
1 16 5 4 4 4 5 5 3 5 4 5 5
3 2400 5 5 7 6 7 6 8 7 8 7 9
1 17 4 6 1 6 2 7 1 7 2
3 896 4 6 4 6 5 7 3 7 4
3 1920 5 6 6 7 5 7 6 8 4 8 5
1 20 4 8 1 8 2 8 3 9 1
3 126 4 8 7 8 8 9 7 9 8
