9 28
4 7 2 1 7 1 8
4 4 2 7 4 7 5
0 3 1 1 4
0 8 1 2 1
0 4 1 2 8
0 7 1 5 4
0 9 1 9 1
6 32 2 1 1 1 2
2 3 2 3 7 3 8
2 3 2 6 6 7 6
2 3 2 6 9 7 9
5 3 2 7 3 8 3
3 2160 4 1 3 2 3 2 4 3 4
1 21 4 1 5 2 5 3 5 3 6
1 22 3 1 6 2 6 2 7
1 12 3 1 9 2 9 3 9
3 80 3 2 2 3 1 3 2
3 504 5 3 3 4 3 4 4 4 5 4 6
1 27 5 4 1 4 2 5 1 5 2 5 3
3 120 5 4 7 5 5 5 6 5 7 6 7
3 640 4 4 8 4 9 5 8 5 9
3 196 4 6 1 6 2 7 1 8 1
3 40 3 6 3 6 4 6 5
3 486 4 6 8 7 8 8 8 8 9
3 12 3 7 2 8 2 9 2
3 3024 4 7 7 8 6 8 7 9 6
1 18 5 8 4 8 5 9 3 9 4 9 5
1 15 3 9 7 9 8 9 9
