9 32
4 3 2 1 1 2 1
0 3 1 3 3
0 7 1 5 4
0 2 1 7 9
0 8 1 9 1
5 0 2 1 2 2 2
6 512 2 1 3 2 3
5 2 2 1 4 2 4
5 2 2 1 7 2 7
5 0 2 1 8 1 9
6 2097152 2 2 8 2 9
2 1 2 3 1 3 2
2 7 2 3 4 4 4
6 64 2 3 7 3 8
5 0 2 3 9 4 9
2 1 2 4 1 4 2
5 0 2 4 3 5 3
5 4 2 4 5 5 5
6 262144 2 5 9 6 9
6 1 2 6 2 6 3
6 78125 2 7 1 8 1
2 1 2 8 2 9 2
2 3 2 8 3 8 4
5 0 2 8 6 9 6
2 3 2 9 3 9 4
1 31 6 1 5 1 6 2 5 2 6 3 5 3 6
3 768 5 4 6 4 7 4 8 5 6 5 7
3 54 3 5 1 5 2 6 1
3 6804 5 5 8 6 7 6 8 7 7 7 8
3 720 6 6 4 6 5 6 6 7 2 7 3 7 4
3 112 4 7 5 7 6 8 5 9 5
3 3600 6 8 7 8 8 8 9 9 7 9 8 9 9
