9 30
4 8 2 1 8 1 9
0 6 1 3 2
0 7 1 4 6
0 6 1 6 1
0 2 1 6 6
0 4 1 8 8
5 2 2 3 7 4 7
2 2 2 4 8 4 9
2 2 2 5 1 5 2
5 1 2 5 9 6 9
2 1 2 6 4 6 5
6 40353607 2 7 3 8 3
2 2 2 7 4 8 4
6 43046721 2 7 5 7 6
2 2 2 7 9 8 9
2 7 2 9 1 9 2
6 729 2 9 3 9 4
6 40353607 2 9 8 9 9
3 135 4 1 1 2 1 2 2 2 3
3 56 3 1 2 1 3 1 4
1 21 4 1 5 1 6 1 7 2 5
3 144 3 2 4 3 4 4 4
1 19 3 2 6 2 7 3 6
3 270 4 2 8 2 9 3 8 3 9
3 1536 5 3 1 3 3 4 1 4 2 4 3
1 23 6 3 5 4 5 5 5 5 6 5 7 5 8
1 16 4 5 3 5 4 6 2 6 3
3 540 4 6 7 6 8 7 7 7 8
1 20 4 7 1 7 2 8 1 8 2
1 22 6 8 5 8 6 8 7 9 5 9 6 9 7
