9 29
4 4 2 2 7 2 8
0 9 1 1 4
0 6 1 1 9
0 5 1 2 6
0 7 1 3 4
0 2 1 9 1
5 3 2 1 7 1 8
5 1 2 2 9 3 9
2 8 2 3 5 3 6
5 4 2 4 3 4 4
5 1 2 4 5 4 6
6 8 2 4 9 5 9
5 1 2 5 5 6 5
6 729 2 6 1 7 1
2 3 2 8 4 8 5
6 64 2 9 5 9 6
2 3 2 9 7 9 8
3 588 5 1 1 1 2 1 3 2 3 2 4
1 11 3 1 5 1 6 2 5
1 18 3 2 1 3 1 4 1
1 8 3 2 2 3 2 3 3
3 360 5 3 7 3 8 4 7 4 8 5 8
1 29 5 4 2 5 1 5 2 6 2 7 2
1 18 4 5 3 5 4 6 3 6 4
3 2240 6 5 6 5 7 6 6 6 7 6 8 6 9
3 960 5 7 3 7 4 8 1 8 2 8 3
3 7560 5 7 5 7 6 7 7 8 6 8 7
1 20 5 7 8 7 9 8 8 8 9 9 9
1 14 3 9 2 9 3 9 4
