9 34
0 7 1 1 2
0 8 1 3 1
0 2 1 3 6
0 6 1 7 3
1 24 4 1 1 2 1 2 2 3 2
3 2 2 1 3 2 3
1 17 2 1 4 2 4
3 6 2 1 5 1 6
3 120 3 1 7 1 8 1 9
1 7 2 2 5 2 6
3 168 3 2 7 2 8 3 7
3 3150 5 2 9 3 8 3 9 4 9 5 9
1 12 2 3 3 4 3
1 10 3 3 4 4 4 5 4
1 5 2 3 5 4 5
1 11 2 4 1 4 2
1 20 3 4 6 4 7 5 7
3 1728 6 4 8 5 8 6 7 6 8 7 7 7 8
3 21 3 5 1 5 2 6 1
3 160 3 5 3 6 2 6 3
3 30 2 5 5 5 6
1 24 4 6 4 6 5 6 6 7 6
3 18 2 6 9 7 9
1 8 2 7 1 7 2
3 28 2 7 4 7 5
1 10 2 8 1 9 1
1 6 2 8 2 9 2
1 12 2 8 3 9 3
1 8 2 8 4 9 4
1 13 2 8 5 8 6
3 9 2 8 7 8 8
3 8 2 8 9 9 9
1 17 2 9 5 9 6
3 6 2 9 7 9 8
