9 33
4 2 2 1 3 2 3
0 4 1 2 1
0 3 1 5 2
0 7 1 6 7
0 4 1 9 3
2 5 2 1 1 1 2
2 3 2 1 6 1 7
2 3 2 1 8 1 9
2 2 2 3 8 4 8
2 1 2 4 1 5 1
2 6 2 4 4 4 5
2 3 2 5 3 5 4
2 7 2 5 5 6 5
2 2 2 5 6 6 6
2 2 2 5 8 6 8
2 7 2 5 9 6 9
2 2 2 7 8 8 8
2 2 2 7 9 8 9
2 2 2 8 2 8 3
2 3 2 8 4 8 5
2 4 2 9 1 9 2
2 6 2 9 4 9 5
2 3 2 9 6 9 7
2 6 2 9 8 9 9
3 1120 4 1 4 1 5 2 4 2 5
3 54 3 2 2 3 1 3 2
1 19 3 2 6 3 6 4 6
3 336 5 2 7 2 8 2 9 3 9 4 9
1 25 5 3 3 3 4 3 5 4 2 4 3
3 27 3 3 7 4 7 5 7
3 90 5 6 1 6 2 6 3 6 4 7 4
1 23 4 7 1 7 2 7 3 8 1
1 19 5 7 5 7 6 7 7 8 6 8 7
