9 29
0 5 1 1 7
0 3 1 4 7
0 4 1 5 9
0 7 1 6 4
0 5 1 7 6
2 3 2 1 2 1 3
2 6 2 1 8 1 9
2 3 2 3 5 3 6
2 5 2 4 1 5 1
2 5 2 4 6 5 6
2 3 2 5 2 5 3
2 6 2 5 7 5 8
2 3 2 7 7 8 7
2 3 2 8 2 8 3
2 3 2 9 2 9 3
1 29 6 1 1 2 1 2 2 3 1 3 2 4 2
1 14 3 1 4 2 4 3 4
1 19 4 1 5 1 6 2 5 2 6
1 18 3 2 3 3 3 4 3
1 22 4 2 7 2 8 2 9 3 9
1 20 4 3 7 3 8 4 8 4 9
1 22 4 4 4 4 5 5 4 5 5
1 17 5 6 1 7 1 7 2 8 1 9 1
1 22 3 6 2 6 3 7 3
1 15 4 6 5 6 6 7 4 7 5
1 24 5 6 7 6 8 6 9 7 8 7 9
1 22 4 8 4 8 5 9 4 9 5
1 22 4 8 6 9 6 9 7 9 8
1 13 3 8 8 8 9 9 9
