9 34
0 6 1 1 4
0 8 1 3 8
0 7 1 5 5
0 4 1 5 9
0 9 1 6 3
0 4 1 7 8
0 3 1 9 7
1 13 2 1 1 1 2
3 252 5 1 3 1 5 2 3 2 4 2 5
3 7 2 1 6 1 7
1 13 2 1 8 1 9
3 448 4 2 1 2 2 3 2 4 2
3 360 4 2 6 2 7 2 8 3 7
1 11 3 2 9 3 9 4 9
1 10 2 3 1 4 1
3 54 2 3 3 3 4
1 20 5 3 5 3 6 4 3 4 4 4 5
1 23 5 4 6 4 7 4 8 5 7 5 8
1 22 3 5 1 5 2 5 3
3 30 4 5 4 6 4 7 4 7 5
1 15 3 5 6 6 5 6 6
1 7 2 6 1 6 2
3 14 2 6 7 6 8
3 35 2 6 9 7 9
3 120 4 7 1 7 2 8 1 8 2
3 8 2 7 3 8 3
1 14 2 7 6 8 6
3 18 2 7 7 8 7
3 21 2 8 4 8 5
1 15 2 8 8 8 9
3 12 2 9 1 9 2
3 40 2 9 3 9 4
1 13 2 9 5 9 6
3 7 2 9 8 9 9
