9 34
4 5 2 1 2 2 2
4 6 2 1 9 2 9
4 4 2 4 5 5 5
0 7 1 1 5
0 2 1 1 8
0 4 1 4 6
0 7 1 7 6
0 2 1 8 1
2 5 2 1 1 2 1
6 43046721 2 1 6 1 7
6 134217728 2 3 2 4 2
2 1 2 3 6 3 7
6 15625 2 3 8 4 8
5 1 2 3 9 4 9
5 1 2 5 2 6 2
6 16807 2 5 3 5 4
6 8 2 5 9 6 9
6 262144 2 6 3 6 4
5 1 2 6 8 7 8
2 1 2 7 4 8 4
2 1 2 7 9 8 9
2 1 2 9 8 9 9
3 864 5 1 3 2 3 3 3 4 3 4 4
3 756 5 1 4 2 4 2 5 3 4 3 5
3 140 3 2 6 2 7 2 8
1 17 3 3 1 4 1 5 1
1 15 3 4 7 5 7 5 8
1 10 4 5 6 6 6 6 7 7 7
3 60 4 6 1 7 1 7 2 7 3
3 270 3 6 5 7 5 8 5
1 15 3 8 2 9 1 9 2
3 15 3 8 3 9 3 9 4
1 18 3 8 6 9 5 9 6
1 13 3 8 7 8 8 9 7
