9 32
4 4 2 6 2 6 3
4 3 2 8 2 8 3
4 7 2 9 8 9 9
0 6 1 1 9
0 5 1 2 1
0 8 1 2 7
0 9 1 4 1
0 3 1 7 9
0 2 1 8 1
0 6 1 8 4
0 4 1 9 5
2 3 2 1 3 1 4
6 390625 2 3 9 4 9
5 1 2 5 4 5 5
6 4096 2 5 7 6 7
2 7 2 5 9 6 9
2 1 2 6 5 6 6
6 1 2 7 6 7 7
5 1 2 9 1 9 2
2 3 2 9 3 9 4
1 24 4 1 1 1 2 2 2 2 3
1 16 5 1 5 2 4 2 5 3 4 3 5
3 24 3 1 6 2 6 3 6
1 21 4 1 7 1 8 2 8 2 9
3 1176 5 3 1 3 2 3 3 4 2 4 3
1 22 4 3 7 3 8 4 7 4 8
3 840 4 4 4 4 5 4 6 5 6
3 192 5 5 1 5 2 5 3 6 1 7 1
1 14 3 5 8 6 8 7 8
3 5040 5 6 4 7 2 7 3 7 4 7 5
3 280 3 8 5 8 6 9 6
3 40 4 8 7 8 8 8 9 9 7
