9 33
1 7 2 1 1 2 1
1 7 1 1 2
1 2 1 1 3
1 20 4 1 4 2 4 2 5 2 6
3 160 4 1 5 1 6 1 7 2 7
1 9 1 1 8
1 22 5 1 9 2 9 3 9 4 9 5 9
1 4 1 2 2
3 72 2 2 3 3 3
1 6 1 2 8
1 19 4 3 1 3 2 4 2 5 2
1 1 1 3 4
1 2 1 3 5
1 12 3 3 6 4 6 4 7
1 6 1 3 7
1 23 5 3 8 4 8 5 7 5 8 6 7
3 1512 5 4 1 5 1 6 1 6 2 6 3
2 2 2 4 3 5 3
1 34 5 4 4 5 4 5 5 5 6 6 6
1 6 1 4 5
1 26 5 6 4 6 5 7 4 7 5 8 4
3 1080 4 6 8 6 9 7 8 7 9
1 8 1 7 1
3 144 5 7 2 8 1 8 2 9 1 9 2
3 35 2 7 3 8 3
1 4 1 7 6
4 2 2 7 7 8 7
1 26 5 8 5 9 5 9 6 9 7 9 8
1 6 1 8 6
1 5 1 8 8
1 9 2 8 9 9 9
1 3 1 9 3
1 4 1 9 4
